0 0 0 0
0 0 1 0
0 0 2 0
0 0 3 0
0 0 4 0
0 0 5 0
0 0 6 0
0 0 7 0
0 0 8 0
0 0 9 0
0 0 10 0
0 0 11 0
0 0 12 0
0 0 13 0
0 0 14 0
0 0 15 0
0 1 0 0
0 1 1 0
0 1 2 0
0 1 3 0
0 1 4 0
0 1 5 0
0 1 6 0
0 1 7 0
0 1 8 0
0 1 9 0
0 1 10 0
0 1 11 0
0 1 12 0
0 1 13 0
0 1 14 0
0 1 15 0
0 2 0 0
0 2 1 0
0 2 2 0
0 2 3 0
0 2 4 0
0 2 5 0
0 2 6 0
0 2 7 0
0 2 8 0
0 2 9 0
0 2 10 0
0 2 11 0
0 2 12 0
0 2 13 0
0 2 14 0
0 2 15 0
0 3 0 0
0 3 1 0
0 3 2 0
0 3 3 0
0 3 4 0
0 3 5 0
0 3 6 0
0 3 7 0
0 3 8 0
0 3 9 0
0 3 10 0
0 3 11 0
0 3 12 0
0 3 13 0
0 3 14 0
0 3 15 0
0 4 0 173.961
0 4 1 198.035
0 4 2 162.260
0 4 3 200.852
0 4 4 206.338
0 4 5 200.506
0 4 6 218.752
0 4 7 157.377
0 4 8 259.289
0 4 9 182.078
0 4 10 227.369
0 4 11 200.697
0 4 12 207.063
0 4 13 188.531
0 4 14 174.938
0 4 15 248.293
0 5 0 187.869
0 5 1 202.355
0 5 2 196.631
0 5 3 203.514
0 5 4 212.809
0 5 5 211.736
0 5 6 190.725
0 5 7 222.973
0 5 8 191.941
0 5 9 200.416
0 5 10 209.199
0 5 11 198.146
0 5 12 214.010
0 5 13 202.504
0 5 14 208.563
0 5 15 234.217
0 6 0 152.945
0 6 1 169.779
0 6 2 176.309
0 6 3 134.305
0 6 4 193.256
0 6 5 194.604
0 6 6 194.469
0 6 7 185.516
0 6 8 151.732
0 6 9 190.986
0 6 10 185.240
0 6 11 201.357
0 6 12 224.273
0 6 13 187.668
0 6 14 187.232
0 6 15 168.357
0 7 0 205.867
0 7 1 195.313
0 7 2 133.605
0 7 3 156.682
0 7 4 209.178
0 7 5 171.389
0 7 6 154.854
0 7 7 179.398
0 7 8 163.627
0 7 9 198.822
0 7 10 152.475
0 7 11 173.207
0 7 12 197.766
0 7 13 186.652
0 7 14 201.863
0 7 15 185.324
0 8 0 185.955
0 8 1 181.500
0 8 2 184.547
0 8 3 191.080
0 8 4 186.555
0 8 5 184.861
0 8 6 182.500
0 8 7 152.354
0 8 8 196.912
0 8 9 156.523
0 8 10 177.400
0 8 11 215.594
0 8 12 176.010
0 8 13 177.771
0 8 14 207.264
0 8 15 185.670
0 9 0 175.619
0 9 1 200.287
0 9 2 168.715
0 9 3 187.180
0 9 4 185.498
0 9 5 184.314
0 9 6 185.486
0 9 7 232.693
0 9 8 225.879
0 9 9 216.209
0 9 10 184.748
0 9 11 177.268
0 9 12 224.100
0 9 13 212.221
0 9 14 216.145
0 9 15 198.365
0 10 0 0
0 10 1 0
0 10 2 0
0 10 3 0
0 10 4 0
0 10 5 0
0 10 6 0
0 10 7 0
0 10 8 0
0 10 9 0
0 10 10 0
0 10 11 0
0 10 12 0
0 10 13 0
0 10 14 0
0 10 15 0
0 11 0 0
0 11 1 0
0 11 2 0
0 11 3 0
0 11 4 0
0 11 5 0
0 11 6 0
0 11 7 0
0 11 8 0
0 11 9 0
0 11 10 0
0 11 11 0
0 11 12 0
0 11 13 0
0 11 14 0
0 11 15 0
0 12 0 0
0 12 1 0
0 12 2 0
0 12 3 0
0 12 4 0
0 12 5 0
0 12 6 0
0 12 7 0
0 12 8 0
0 12 9 0
0 12 10 0
0 12 11 0
0 12 12 0
0 12 13 0
0 12 14 0
0 12 15 0
0 13 0 0
0 13 1 0
0 13 2 0
0 13 3 0
0 13 4 0
0 13 5 0
0 13 6 0
0 13 7 0
0 13 8 0
0 13 9 0
0 13 10 0
0 13 11 0
0 13 12 0
0 13 13 0
0 13 14 0
0 13 15 0
0 14 0 0
0 14 1 0
0 14 2 0
0 14 3 0
0 14 4 0
0 14 5 0
0 14 6 0
0 14 7 0
0 14 8 0
0 14 9 0
0 14 10 0
0 14 11 0
0 14 12 0
0 14 13 0
0 14 14 0
0 14 15 0
0 15 0 0
0 15 1 0
0 15 2 0
0 15 3 0
0 15 4 0
0 15 5 0
0 15 6 0
0 15 7 0
0 15 8 0
0 15 9 0
0 15 10 0
0 15 11 0
0 15 12 0
0 15 13 0
0 15 14 0
0 15 15 0
0 16 0 0
0 16 1 0
0 16 2 0
0 16 3 0
0 16 4 0
0 16 5 0
0 16 6 0
0 16 7 0
0 16 8 0
0 16 9 0
0 16 10 0
0 16 11 0
0 16 12 0
0 16 13 0
0 16 14 0
0 16 15 0
0 17 0 0
0 17 1 0
0 17 2 0
0 17 3 0
0 17 4 0
0 17 5 0
0 17 6 0
0 17 7 0
0 17 8 0
0 17 9 0
0 17 10 0
0 17 11 0
0 17 12 0
0 17 13 0
0 17 14 0
0 17 15 0
0 18 0 0
0 18 1 0
0 18 2 0
0 18 3 0
0 18 4 0
0 18 5 0
0 18 6 0
0 18 7 0
0 18 8 0
0 18 9 0
0 18 10 0
0 18 11 0
0 18 12 0
0 18 13 0
0 18 14 0
0 18 15 0
0 19 0 0
0 19 1 0
0 19 2 0
0 19 3 0
0 19 4 0
0 19 5 0
0 19 6 0
0 19 7 0
0 19 8 0
0 19 9 0
0 19 10 0
0 19 11 0
0 19 12 0
0 19 13 0
0 19 14 0
0 19 15 0
1 10 0 0
1 10 1 0
1 10 2 0
1 10 3 0
1 10 4 0
1 10 5 0
1 10 6 0
1 10 7 0
1 10 8 0
1 10 9 0
1 10 10 0
1 10 11 0
1 10 12 0
1 10 13 0
1 10 14 0
1 10 15 0
1 11 0 0
1 11 1 0
1 11 2 0
1 11 3 0
1 11 4 0
1 11 5 0
1 11 6 0
1 11 7 0
1 11 8 0
1 11 9 0
1 11 10 0
1 11 11 0
1 11 12 0
1 11 13 0
1 11 14 0
1 11 15 0
1 12 0 0
1 12 1 0
1 12 2 0
1 12 3 0
1 12 4 0
1 12 5 0
1 12 6 0
1 12 7 0
1 12 8 0
1 12 9 0
1 12 10 0
1 12 11 0
1 12 12 0
1 12 13 0
1 12 14 0
1 12 15 0
1 13 0 0
1 13 1 0
1 13 2 0
1 13 3 0
1 13 4 0
1 13 5 0
1 13 6 0
1 13 7 0
1 13 8 0
1 13 9 0
1 13 10 0
1 13 11 0
1 13 12 0
1 13 13 0
1 13 14 0
1 13 15 0
1 14 0 0
1 14 1 0
1 14 2 0
1 14 3 0
1 14 4 0
1 14 5 0
1 14 6 0
1 14 7 0
1 14 8 0
1 14 9 0
1 14 10 0
1 14 11 0
1 14 12 0
1 14 13 0
1 14 14 0
1 14 15 0
1 15 0 0
1 15 1 0
1 15 2 0
1 15 3 0
1 15 4 0
1 15 5 0
1 15 6 0
1 15 7 0
1 15 8 0
1 15 9 0
1 15 10 0
1 15 11 0
1 15 12 0
1 15 13 0
1 15 14 0
1 15 15 0
1 16 0 0
1 16 1 0
1 16 2 0
1 16 3 0
1 16 4 0
1 16 5 0
1 16 6 0
1 16 7 0
1 16 8 0
1 16 9 0
1 16 10 0
1 16 11 0
1 16 12 0
1 16 13 0
1 16 14 0
1 16 15 0
1 17 0 0
1 17 1 0
1 17 2 0
1 17 3 0
1 17 4 0
1 17 5 0
1 17 6 0
1 17 7 0
1 17 8 0
1 17 9 0
1 17 10 0
1 17 11 0
1 17 12 0
1 17 13 0
1 17 14 0
1 17 15 0
1 18 0 0
1 18 1 0
1 18 2 0
1 18 3 0
1 18 4 0
1 18 5 0
1 18 6 0
1 18 7 0
1 18 8 0
1 18 9 0
1 18 10 0
1 18 11 0
1 18 12 0
1 18 13 0
1 18 14 0
1 18 15 0
1 19 0 0
1 19 1 0
1 19 2 0
1 19 3 0
1 19 4 0
1 19 5 0
1 19 6 0
1 19 7 0
1 19 8 0
1 19 9 0
1 19 10 0
1 19 11 0
1 19 12 0
1 19 13 0
1 19 14 0
1 19 15 0
2 10 0 0
2 10 1 0
2 10 2 0
2 10 3 0
2 10 4 0
2 10 5 0
2 10 6 0
2 10 7 0
2 10 8 0
2 10 9 0
2 10 10 0
2 10 11 0
2 10 12 0
2 10 13 0
2 10 14 0
2 10 15 0
2 11 0 0
2 11 1 0
2 11 2 0
2 11 3 0
2 11 4 0
2 11 5 0
2 11 6 0
2 11 7 0
2 11 8 0
2 11 9 0
2 11 10 0
2 11 11 0
2 11 12 0
2 11 13 0
2 11 14 0
2 11 15 0
2 12 0 0
2 12 1 0
2 12 2 0
2 12 3 0
2 12 4 0
2 12 5 0
2 12 6 0
2 12 7 0
2 12 8 0
2 12 9 0
2 12 10 0
2 12 11 0
2 12 12 0
2 12 13 0
2 12 14 0
2 12 15 0
2 13 0 0
2 13 1 0
2 13 2 0
2 13 3 0
2 13 4 0
2 13 5 0
2 13 6 0
2 13 7 0
2 13 8 0
2 13 9 0
2 13 10 0
2 13 11 0
2 13 12 0
2 13 13 0
2 13 14 0
2 13 15 0
2 14 0 0
2 14 1 0
2 14 2 0
2 14 3 0
2 14 4 0
2 14 5 0
2 14 6 0
2 14 7 0
2 14 8 0
2 14 9 0
2 14 10 0
2 14 11 0
2 14 12 0
2 14 13 0
2 14 14 0
2 14 15 0
2 15 0 0
2 15 1 0
2 15 2 0
2 15 3 0
2 15 4 0
2 15 5 0
2 15 6 0
2 15 7 0
2 15 8 0
2 15 9 0
2 15 10 0
2 15 11 0
2 15 12 0
2 15 13 0
2 15 14 0
2 15 15 0
2 16 0 0
2 16 1 0
2 16 2 0
2 16 3 0
2 16 4 0
2 16 5 0
2 16 6 0
2 16 7 0
2 16 8 0
2 16 9 0
2 16 10 0
2 16 11 0
2 16 12 0
2 16 13 0
2 16 14 0
2 16 15 0
2 17 0 0
2 17 1 0
2 17 2 0
2 17 3 0
2 17 4 0
2 17 5 0
2 17 6 0
2 17 7 0
2 17 8 0
2 17 9 0
2 17 10 0
2 17 11 0
2 17 12 0
2 17 13 0
2 17 14 0
2 17 15 0
2 18 0 0
2 18 1 0
2 18 2 0
2 18 3 0
2 18 4 0
2 18 5 0
2 18 6 0
2 18 7 0
2 18 8 0
2 18 9 0
2 18 10 0
2 18 11 0
2 18 12 0
2 18 13 0
2 18 14 0
2 18 15 0
2 19 0 0
2 19 1 0
2 19 2 0
2 19 3 0
2 19 4 0
2 19 5 0
2 19 6 0
2 19 7 0
2 19 8 0
2 19 9 0
2 19 10 0
2 19 11 0
2 19 12 0
2 19 13 0
2 19 14 0
2 19 15 0
3 10 0 0
3 10 1 0
3 10 2 0
3 10 3 0
3 10 4 0
3 10 5 0
3 10 6 0
3 10 7 0
3 10 8 0
3 10 9 0
3 10 10 0
3 10 11 0
3 10 12 0
3 10 13 0
3 10 14 0
3 10 15 0
3 11 0 0
3 11 1 0
3 11 2 0
3 11 3 0
3 11 4 0
3 11 5 0
3 11 6 0
3 11 7 0
3 11 8 0
3 11 9 0
3 11 10 0
3 11 11 0
3 11 12 0
3 11 13 0
3 11 14 0
3 11 15 0
3 12 0 0
3 12 1 0
3 12 2 0
3 12 3 0
3 12 4 0
3 12 5 0
3 12 6 0
3 12 7 0
3 12 8 0
3 12 9 0
3 12 10 0
3 12 11 0
3 12 12 0
3 12 13 0
3 12 14 0
3 12 15 0
3 13 0 0
3 13 1 0
3 13 2 0
3 13 3 0
3 13 4 0
3 13 5 0
3 13 6 0
3 13 7 0
3 13 8 0
3 13 9 0
3 13 10 0
3 13 11 0
3 13 12 0
3 13 13 0
3 13 14 0
3 13 15 0
3 14 0 0
3 14 1 0
3 14 2 0
3 14 3 0
3 14 4 0
3 14 5 0
3 14 6 0
3 14 7 0
3 14 8 0
3 14 9 0
3 14 10 0
3 14 11 0
3 14 12 0
3 14 13 0
3 14 14 0
3 14 15 0
3 15 0 0
3 15 1 0
3 15 2 0
3 15 3 0
3 15 4 0
3 15 5 0
3 15 6 0
3 15 7 0
3 15 8 0
3 15 9 0
3 15 10 0
3 15 11 0
3 15 12 0
3 15 13 0
3 15 14 0
3 15 15 0
3 16 0 0
3 16 1 0
3 16 2 0
3 16 3 0
3 16 4 0
3 16 5 0
3 16 6 0
3 16 7 0
3 16 8 0
3 16 9 0
3 16 10 0
3 16 11 0
3 16 12 0
3 16 13 0
3 16 14 0
3 16 15 0
3 17 0 0
3 17 1 0
3 17 2 0
3 17 3 0
3 17 4 0
3 17 5 0
3 17 6 0
3 17 7 0
3 17 8 0
3 17 9 0
3 17 10 0
3 17 11 0
3 17 12 0
3 17 13 0
3 17 14 0
3 17 15 0
3 18 0 0
3 18 1 0
3 18 2 0
3 18 3 0
3 18 4 0
3 18 5 0
3 18 6 0
3 18 7 0
3 18 8 0
3 18 9 0
3 18 10 0
3 18 11 0
3 18 12 0
3 18 13 0
3 18 14 0
3 18 15 0
3 19 0 0
3 19 1 0
3 19 2 0
3 19 3 0
3 19 4 0
3 19 5 0
3 19 6 0
3 19 7 0
3 19 8 0
3 19 9 0
3 19 10 0
3 19 11 0
3 19 12 0
3 19 13 0
3 19 14 0
3 19 15 0
4 10 0 0
4 10 1 0
4 10 2 0
4 10 3 0
4 10 4 0
4 10 5 0
4 10 6 0
4 10 7 0
4 10 8 0
4 10 9 0
4 10 10 0
4 10 11 0
4 10 12 0
4 10 13 0
4 10 14 0
4 10 15 0
4 11 0 0
4 11 1 0
4 11 2 0
4 11 3 0
4 11 4 0
4 11 5 0
4 11 6 0
4 11 7 0
4 11 8 0
4 11 9 0
4 11 10 0
4 11 11 0
4 11 12 0
4 11 13 0
4 11 14 0
4 11 15 0
4 12 0 0
4 12 1 0
4 12 2 0
4 12 3 0
4 12 4 0
4 12 5 0
4 12 6 0
4 12 7 0
4 12 8 0
4 12 9 0
4 12 10 0
4 12 11 0
4 12 12 0
4 12 13 0
4 12 14 0
4 12 15 0
4 13 0 0
4 13 1 0
4 13 2 0
4 13 3 0
4 13 4 0
4 13 5 0
4 13 6 0
4 13 7 0
4 13 8 0
4 13 9 0
4 13 10 0
4 13 11 0
4 13 12 0
4 13 13 0
4 13 14 0
4 13 15 0
4 14 0 0
4 14 1 0
4 14 2 0
4 14 3 0
4 14 4 0
4 14 5 0
4 14 6 0
4 14 7 0
4 14 8 0
4 14 9 0
4 14 10 0
4 14 11 0
4 14 12 0
4 14 13 0
4 14 14 0
4 14 15 0
4 15 0 0
4 15 1 0
4 15 2 0
4 15 3 0
4 15 4 0
4 15 5 0
4 15 6 0
4 15 7 0
4 15 8 0
4 15 9 0
4 15 10 0
4 15 11 0
4 15 12 0
4 15 13 0
4 15 14 0
4 15 15 0
4 16 0 0
4 16 1 0
4 16 2 0
4 16 3 0
4 16 4 0
4 16 5 0
4 16 6 0
4 16 7 0
4 16 8 0
4 16 9 0
4 16 10 0
4 16 11 0
4 16 12 0
4 16 13 0
4 16 14 0
4 16 15 0
4 17 0 0
4 17 1 0
4 17 2 0
4 17 3 0
4 17 4 0
4 17 5 0
4 17 6 0
4 17 7 0
4 17 8 0
4 17 9 0
4 17 10 0
4 17 11 0
4 17 12 0
4 17 13 0
4 17 14 0
4 17 15 0
4 18 0 0
4 18 1 0
4 18 2 0
4 18 3 0
4 18 4 0
4 18 5 0
4 18 6 0
4 18 7 0
4 18 8 0
4 18 9 0
4 18 10 0
4 18 11 0
4 18 12 0
4 18 13 0
4 18 14 0
4 18 15 0
4 19 0 0
4 19 1 0
4 19 2 0
4 19 3 0
4 19 4 0
4 19 5 0
4 19 6 0
4 19 7 0
4 19 8 0
4 19 9 0
4 19 10 0
4 19 11 0
4 19 12 0
4 19 13 0
4 19 14 0
4 19 15 0
5 10 0 0
5 10 1 0
5 10 2 0
5 10 3 0
5 10 4 0
5 10 5 0
5 10 6 0
5 10 7 0
5 10 8 0
5 10 9 0
5 10 10 0
5 10 11 0
5 10 12 0
5 10 13 0
5 10 14 0
5 10 15 0
5 11 0 0
5 11 1 0
5 11 2 0
5 11 3 0
5 11 4 0
5 11 5 0
5 11 6 0
5 11 7 0
5 11 8 0
5 11 9 0
5 11 10 0
5 11 11 0
5 11 12 0
5 11 13 0
5 11 14 0
5 11 15 0
5 12 0 0
5 12 1 0
5 12 2 0
5 12 3 0
5 12 4 0
5 12 5 0
5 12 6 0
5 12 7 0
5 12 8 0
5 12 9 0
5 12 10 0
5 12 11 0
5 12 12 0
5 12 13 0
5 12 14 0
5 12 15 0
5 13 0 0
5 13 1 0
5 13 2 0
5 13 3 0
5 13 4 0
5 13 5 0
5 13 6 0
5 13 7 0
5 13 8 0
5 13 9 0
5 13 10 0
5 13 11 0
5 13 12 0
5 13 13 0
5 13 14 0
5 13 15 0
5 14 0 0
5 14 1 0
5 14 2 0
5 14 3 0
5 14 4 0
5 14 5 0
5 14 6 0
5 14 7 0
5 14 8 0
5 14 9 0
5 14 10 0
5 14 11 0
5 14 12 0
5 14 13 0
5 14 14 0
5 14 15 0
5 15 0 0
5 15 1 0
5 15 2 0
5 15 3 0
5 15 4 0
5 15 5 0
5 15 6 0
5 15 7 0
5 15 8 0
5 15 9 0
5 15 10 0
5 15 11 0
5 15 12 0
5 15 13 0
5 15 14 0
5 15 15 0
5 16 0 0
5 16 1 0
5 16 2 0
5 16 3 0
5 16 4 0
5 16 5 0
5 16 6 0
5 16 7 0
5 16 8 0
5 16 9 0
5 16 10 0
5 16 11 0
5 16 12 0
5 16 13 0
5 16 14 0
5 16 15 0
5 17 0 0
5 17 1 0
5 17 2 0
5 17 3 0
5 17 4 0
5 17 5 0
5 17 6 0
5 17 7 0
5 17 8 0
5 17 9 0
5 17 10 0
5 17 11 0
5 17 12 0
5 17 13 0
5 17 14 0
5 17 15 0
5 18 0 0
5 18 1 0
5 18 2 0
5 18 3 0
5 18 4 0
5 18 5 0
5 18 6 0
5 18 7 0
5 18 8 0
5 18 9 0
5 18 10 0
5 18 11 0
5 18 12 0
5 18 13 0
5 18 14 0
5 18 15 0
5 19 0 0
5 19 1 0
5 19 2 0
5 19 3 0
5 19 4 0
5 19 5 0
5 19 6 0
5 19 7 0
5 19 8 0
5 19 9 0
5 19 10 0
5 19 11 0
5 19 12 0
5 19 13 0
5 19 14 0
5 19 15 0
6 10 0 0
6 10 1 0
6 10 2 0
6 10 3 0
6 10 4 0
6 10 5 0
6 10 6 0
6 10 7 0
6 10 8 0
6 10 9 0
6 10 10 0
6 10 11 0
6 10 12 0
6 10 13 0
6 10 14 0
6 10 15 0
6 11 0 0
6 11 1 0
6 11 2 0
6 11 3 0
6 11 4 0
6 11 5 0
6 11 6 0
6 11 7 0
6 11 8 0
6 11 9 0
6 11 10 0
6 11 11 0
6 11 12 0
6 11 13 0
6 11 14 0
6 11 15 0
6 12 0 0
6 12 1 0
6 12 2 0
6 12 3 0
6 12 4 0
6 12 5 0
6 12 6 0
6 12 7 0
6 12 8 0
6 12 9 0
6 12 10 0
6 12 11 0
6 12 12 0
6 12 13 0
6 12 14 0
6 12 15 0
6 13 0 0
6 13 1 0
6 13 2 0
6 13 3 0
6 13 4 0
6 13 5 0
6 13 6 0
6 13 7 0
6 13 8 0
6 13 9 0
6 13 10 0
6 13 11 0
6 13 12 0
6 13 13 0
6 13 14 0
6 13 15 0
6 14 0 0
6 14 1 0
6 14 2 0
6 14 3 0
6 14 4 0
6 14 5 0
6 14 6 0
6 14 7 0
6 14 8 0
6 14 9 0
6 14 10 0
6 14 11 0
6 14 12 0
6 14 13 0
6 14 14 0
6 14 15 0
6 15 0 0
6 15 1 0
6 15 2 0
6 15 3 0
6 15 4 0
6 15 5 0
6 15 6 0
6 15 7 0
6 15 8 0
6 15 9 0
6 15 10 0
6 15 11 0
6 15 12 0
6 15 13 0
6 15 14 0
6 15 15 0
6 16 0 0
6 16 1 0
6 16 2 0
6 16 3 0
6 16 4 0
6 16 5 0
6 16 6 0
6 16 7 0
6 16 8 0
6 16 9 0
6 16 10 0
6 16 11 0
6 16 12 0
6 16 13 0
6 16 14 0
6 16 15 0
6 17 0 0
6 17 1 0
6 17 2 0
6 17 3 0
6 17 4 0
6 17 5 0
6 17 6 0
6 17 7 0
6 17 8 0
6 17 9 0
6 17 10 0
6 17 11 0
6 17 12 0
6 17 13 0
6 17 14 0
6 17 15 0
6 18 0 0
6 18 1 0
6 18 2 0
6 18 3 0
6 18 4 0
6 18 5 0
6 18 6 0
6 18 7 0
6 18 8 0
6 18 9 0
6 18 10 0
6 18 11 0
6 18 12 0
6 18 13 0
6 18 14 0
6 18 15 0
6 19 0 0
6 19 1 0
6 19 2 0
6 19 3 0
6 19 4 0
6 19 5 0
6 19 6 0
6 19 7 0
6 19 8 0
6 19 9 0
6 19 10 0
6 19 11 0
6 19 12 0
6 19 13 0
6 19 14 0
6 19 15 0
7 10 0 0
7 10 1 0
7 10 2 0
7 10 3 0
7 10 4 0
7 10 5 0
7 10 6 0
7 10 7 0
7 10 8 0
7 10 9 0
7 10 10 0
7 10 11 0
7 10 12 0
7 10 13 0
7 10 14 0
7 10 15 0
7 11 0 0
7 11 1 0
7 11 2 0
7 11 3 0
7 11 4 0
7 11 5 0
7 11 6 0
7 11 7 0
7 11 8 0
7 11 9 0
7 11 10 0
7 11 11 0
7 11 12 0
7 11 13 0
7 11 14 0
7 11 15 0
7 12 0 0
7 12 1 0
7 12 2 0
7 12 3 0
7 12 4 0
7 12 5 0
7 12 6 0
7 12 7 0
7 12 8 0
7 12 9 0
7 12 10 0
7 12 11 0
7 12 12 0
7 12 13 0
7 12 14 0
7 12 15 0
7 13 0 0
7 13 1 0
7 13 2 0
7 13 3 0
7 13 4 0
7 13 5 0
7 13 6 0
7 13 7 0
7 13 8 0
7 13 9 0
7 13 10 0
7 13 11 0
7 13 12 0
7 13 13 0
7 13 14 0
7 13 15 0
7 14 0 0
7 14 1 0
7 14 2 0
7 14 3 0
7 14 4 0
7 14 5 0
7 14 6 0
7 14 7 0
7 14 8 0
7 14 9 0
7 14 10 0
7 14 11 0
7 14 12 0
7 14 13 0
7 14 14 0
7 14 15 0
7 15 0 0
7 15 1 0
7 15 2 0
7 15 3 0
7 15 4 0
7 15 5 0
7 15 6 0
7 15 7 0
7 15 8 0
7 15 9 0
7 15 10 0
7 15 11 0
7 15 12 0
7 15 13 0
7 15 14 0
7 15 15 0
7 16 0 0
7 16 1 0
7 16 2 0
7 16 3 0
7 16 4 0
7 16 5 0
7 16 6 0
7 16 7 0
7 16 8 0
7 16 9 0
7 16 10 0
7 16 11 0
7 16 12 0
7 16 13 0
7 16 14 0
7 16 15 0
7 17 0 0
7 17 1 0
7 17 2 0
7 17 3 0
7 17 4 0
7 17 5 0
7 17 6 0
7 17 7 0
7 17 8 0
7 17 9 0
7 17 10 0
7 17 11 0
7 17 12 0
7 17 13 0
7 17 14 0
7 17 15 0
7 18 0 0
7 18 1 0
7 18 2 0
7 18 3 0
7 18 4 0
7 18 5 0
7 18 6 0
7 18 7 0
7 18 8 0
7 18 9 0
7 18 10 0
7 18 11 0
7 18 12 0
7 18 13 0
7 18 14 0
7 18 15 0
7 19 0 0
7 19 1 0
7 19 2 0
7 19 3 0
7 19 4 0
7 19 5 0
7 19 6 0
7 19 7 0
7 19 8 0
7 19 9 0
7 19 10 0
7 19 11 0
7 19 12 0
7 19 13 0
7 19 14 0
7 19 15 0
8 10 0 0
8 10 1 0
8 10 2 0
8 10 3 0
8 10 4 0
8 10 5 0
8 10 6 0
8 10 7 0
8 10 8 0
8 10 9 0
8 10 10 0
8 10 11 0
8 10 12 0
8 10 13 0
8 10 14 0
8 10 15 0
8 11 0 0
8 11 1 0
8 11 2 0
8 11 3 0
8 11 4 0
8 11 5 0
8 11 6 0
8 11 7 0
8 11 8 0
8 11 9 0
8 11 10 0
8 11 11 0
8 11 12 0
8 11 13 0
8 11 14 0
8 11 15 0
8 12 0 0
8 12 1 0
8 12 2 0
8 12 3 0
8 12 4 0
8 12 5 0
8 12 6 0
8 12 7 0
8 12 8 0
8 12 9 0
8 12 10 0
8 12 11 0
8 12 12 0
8 12 13 0
8 12 14 0
8 12 15 0
8 13 0 0
8 13 1 0
8 13 2 0
8 13 3 0
8 13 4 0
8 13 5 0
8 13 6 0
8 13 7 0
8 13 8 0
8 13 9 0
8 13 10 0
8 13 11 0
8 13 12 0
8 13 13 0
8 13 14 0
8 13 15 0
8 14 0 0
8 14 1 0
8 14 2 0
8 14 3 0
8 14 4 0
8 14 5 0
8 14 6 0
8 14 7 0
8 14 8 0
8 14 9 0
8 14 10 0
8 14 11 0
8 14 12 0
8 14 13 0
8 14 14 0
8 14 15 0
8 15 0 0
8 15 1 0
8 15 2 0
8 15 3 0
8 15 4 0
8 15 5 0
8 15 6 0
8 15 7 0
8 15 8 0
8 15 9 0
8 15 10 0
8 15 11 0
8 15 12 0
8 15 13 0
8 15 14 0
8 15 15 0
8 16 0 0
8 16 1 0
8 16 2 0
8 16 3 0
8 16 4 0
8 16 5 0
8 16 6 0
8 16 7 0
8 16 8 0
8 16 9 0
8 16 10 0
8 16 11 0
8 16 12 0
8 16 13 0
8 16 14 0
8 16 15 0
8 17 0 0
8 17 1 0
8 17 2 0
8 17 3 0
8 17 4 0
8 17 5 0
8 17 6 0
8 17 7 0
8 17 8 0
8 17 9 0
8 17 10 0
8 17 11 0
8 17 12 0
8 17 13 0
8 17 14 0
8 17 15 0
8 18 0 0
8 18 1 0
8 18 2 0
8 18 3 0
8 18 4 0
8 18 5 0
8 18 6 0
8 18 7 0
8 18 8 0
8 18 9 0
8 18 10 0
8 18 11 0
8 18 12 0
8 18 13 0
8 18 14 0
8 18 15 0
8 19 0 0
8 19 1 0
8 19 2 0
8 19 3 0
8 19 4 0
8 19 5 0
8 19 6 0
8 19 7 0
8 19 8 0
8 19 9 0
8 19 10 0
8 19 11 0
8 19 12 0
8 19 13 0
8 19 14 0
8 19 15 0
9 10 0 0
9 10 1 0
9 10 2 0
9 10 3 0
9 10 4 0
9 10 5 0
9 10 6 0
9 10 7 0
9 10 8 0
9 10 9 0
9 10 10 0
9 10 11 0
9 10 12 0
9 10 13 0
9 10 14 0
9 10 15 0
9 11 0 0
9 11 1 0
9 11 2 0
9 11 3 0
9 11 4 0
9 11 5 0
9 11 6 0
9 11 7 0
9 11 8 0
9 11 9 0
9 11 10 0
9 11 11 0
9 11 12 0
9 11 13 0
9 11 14 0
9 11 15 0
9 12 0 0
9 12 1 0
9 12 2 0
9 12 3 0
9 12 4 0
9 12 5 0
9 12 6 0
9 12 7 0
9 12 8 0
9 12 9 0
9 12 10 0
9 12 11 0
9 12 12 0
9 12 13 0
9 12 14 0
9 12 15 0
9 13 0 0
9 13 1 0
9 13 2 0
9 13 3 0
9 13 4 0
9 13 5 0
9 13 6 0
9 13 7 0
9 13 8 0
9 13 9 0
9 13 10 0
9 13 11 0
9 13 12 0
9 13 13 0
9 13 14 0
9 13 15 0
9 14 0 0
9 14 1 0
9 14 2 0
9 14 3 0
9 14 4 0
9 14 5 0
9 14 6 0
9 14 7 0
9 14 8 0
9 14 9 0
9 14 10 0
9 14 11 0
9 14 12 0
9 14 13 0
9 14 14 0
9 14 15 0
9 15 0 0
9 15 1 0
9 15 2 0
9 15 3 0
9 15 4 0
9 15 5 0
9 15 6 0
9 15 7 0
9 15 8 0
9 15 9 0
9 15 10 0
9 15 11 0
9 15 12 0
9 15 13 0
9 15 14 0
9 15 15 0
9 16 0 0
9 16 1 0
9 16 2 0
9 16 3 0
9 16 4 0
9 16 5 0
9 16 6 0
9 16 7 0
9 16 8 0
9 16 9 0
9 16 10 0
9 16 11 0
9 16 12 0
9 16 13 0
9 16 14 0
9 16 15 0
9 17 0 0
9 17 1 0
9 17 2 0
9 17 3 0
9 17 4 0
9 17 5 0
9 17 6 0
9 17 7 0
9 17 8 0
9 17 9 0
9 17 10 0
9 17 11 0
9 17 12 0
9 17 13 0
9 17 14 0
9 17 15 0
9 18 0 0
9 18 1 0
9 18 2 0
9 18 3 0
9 18 4 0
9 18 5 0
9 18 6 0
9 18 7 0
9 18 8 0
9 18 9 0
9 18 10 0
9 18 11 0
9 18 12 0
9 18 13 0
9 18 14 0
9 18 15 0
9 19 0 0
9 19 1 0
9 19 2 0
9 19 3 0
9 19 4 0
9 19 5 0
9 19 6 0
9 19 7 0
9 19 8 0
9 19 9 0
9 19 10 0
9 19 11 0
9 19 12 0
9 19 13 0
9 19 14 0
9 19 15 0
10 10 0 0
10 10 1 0
10 10 2 0
10 10 3 0
10 10 4 0
10 10 5 0
10 10 6 0
10 10 7 0
10 10 8 0
10 10 9 0
10 10 10 0
10 10 11 0
10 10 12 0
10 10 13 0
10 10 14 0
10 10 15 0
10 11 0 0
10 11 1 0
10 11 2 0
10 11 3 0
10 11 4 0
10 11 5 0
10 11 6 0
10 11 7 0
10 11 8 0
10 11 9 0
10 11 10 0
10 11 11 0
10 11 12 0
10 11 13 0
10 11 14 0
10 11 15 0
10 12 0 0
10 12 1 0
10 12 2 0
10 12 3 0
10 12 4 0
10 12 5 0
10 12 6 0
10 12 7 0
10 12 8 0
10 12 9 0
10 12 10 0
10 12 11 0
10 12 12 0
10 12 13 0
10 12 14 0
10 12 15 0
10 13 0 0
10 13 1 0
10 13 2 0
10 13 3 0
10 13 4 0
10 13 5 0
10 13 6 0
10 13 7 0
10 13 8 0
10 13 9 0
10 13 10 0
10 13 11 0
10 13 12 0
10 13 13 0
10 13 14 0
10 13 15 0
10 14 0 0
10 14 1 0
10 14 2 0
10 14 3 0
10 14 4 0
10 14 5 0
10 14 6 0
10 14 7 0
10 14 8 0
10 14 9 0
10 14 10 0
10 14 11 0
10 14 12 0
10 14 13 0
10 14 14 0
10 14 15 0
10 15 0 0
10 15 1 0
10 15 2 0
10 15 3 0
10 15 4 0
10 15 5 0
10 15 6 0
10 15 7 0
10 15 8 0
10 15 9 0
10 15 10 0
10 15 11 0
10 15 12 0
10 15 13 0
10 15 14 0
10 15 15 0
10 16 0 0
10 16 1 0
10 16 2 0
10 16 3 0
10 16 4 0
10 16 5 0
10 16 6 0
10 16 7 0
10 16 8 0
10 16 9 0
10 16 10 0
10 16 11 0
10 16 12 0
10 16 13 0
10 16 14 0
10 16 15 0
10 17 0 0
10 17 1 0
10 17 2 0
10 17 3 0
10 17 4 0
10 17 5 0
10 17 6 0
10 17 7 0
10 17 8 0
10 17 9 0
10 17 10 0
10 17 11 0
10 17 12 0
10 17 13 0
10 17 14 0
10 17 15 0
10 18 0 0
10 18 1 0
10 18 2 0
10 18 3 0
10 18 4 0
10 18 5 0
10 18 6 0
10 18 7 0
10 18 8 0
10 18 9 0
10 18 10 0
10 18 11 0
10 18 12 0
10 18 13 0
10 18 14 0
10 18 15 0
10 19 0 0
10 19 1 0
10 19 2 0
10 19 3 0
10 19 4 0
10 19 5 0
10 19 6 0
10 19 7 0
10 19 8 0
10 19 9 0
10 19 10 0
10 19 11 0
10 19 12 0
10 19 13 0
10 19 14 0
10 19 15 0
11 10 0 0
11 10 1 0
11 10 2 0
11 10 3 0
11 10 4 0
11 10 5 0
11 10 6 0
11 10 7 0
11 10 8 0
11 10 9 0
11 10 10 0
11 10 11 0
11 10 12 0
11 10 13 0
11 10 14 0
11 10 15 0
11 11 0 0
11 11 1 0
11 11 2 0
11 11 3 0
11 11 4 0
11 11 5 0
11 11 6 0
11 11 7 0
11 11 8 0
11 11 9 0
11 11 10 0
11 11 11 0
11 11 12 0
11 11 13 0
11 11 14 0
11 11 15 0
11 12 0 0
11 12 1 0
11 12 2 0
11 12 3 0
11 12 4 0
11 12 5 0
11 12 6 0
11 12 7 0
11 12 8 0
11 12 9 0
11 12 10 0
11 12 11 0
11 12 12 0
11 12 13 0
11 12 14 0
11 12 15 0
11 13 0 0
11 13 1 0
11 13 2 0
11 13 3 0
11 13 4 0
11 13 5 0
11 13 6 0
11 13 7 0
11 13 8 0
11 13 9 0
11 13 10 0
11 13 11 0
11 13 12 0
11 13 13 0
11 13 14 0
11 13 15 0
11 14 0 0
11 14 1 0
11 14 2 0
11 14 3 0
11 14 4 0
11 14 5 0
11 14 6 0
11 14 7 0
11 14 8 0
11 14 9 0
11 14 10 0
11 14 11 0
11 14 12 0
11 14 13 0
11 14 14 0
11 14 15 0
11 15 0 0
11 15 1 0
11 15 2 0
11 15 3 0
11 15 4 0
11 15 5 0
11 15 6 0
11 15 7 0
11 15 8 0
11 15 9 0
11 15 10 0
11 15 11 0
11 15 12 0
11 15 13 0
11 15 14 0
11 15 15 0
11 16 0 0
11 16 1 0
11 16 2 0
11 16 3 0
11 16 4 0
11 16 5 0
11 16 6 0
11 16 7 0
11 16 8 0
11 16 9 0
11 16 10 0
11 16 11 0
11 16 12 0
11 16 13 0
11 16 14 0
11 16 15 0
11 17 0 0
11 17 1 0
11 17 2 0
11 17 3 0
11 17 4 0
11 17 5 0
11 17 6 0
11 17 7 0
11 17 8 0
11 17 9 0
11 17 10 0
11 17 11 0
11 17 12 0
11 17 13 0
11 17 14 0
11 17 15 0
11 18 0 0
11 18 1 0
11 18 2 0
11 18 3 0
11 18 4 0
11 18 5 0
11 18 6 0
11 18 7 0
11 18 8 0
11 18 9 0
11 18 10 0
11 18 11 0
11 18 12 0
11 18 13 0
11 18 14 0
11 18 15 0
11 19 0 0
11 19 1 0
11 19 2 0
11 19 3 0
11 19 4 0
11 19 5 0
11 19 6 0
11 19 7 0
11 19 8 0
11 19 9 0
11 19 10 0
11 19 11 0
11 19 12 0
11 19 13 0
11 19 14 0
11 19 15 0
12 10 0 0
12 10 1 0
12 10 2 0
12 10 3 0
12 10 4 0
12 10 5 0
12 10 6 0
12 10 7 0
12 10 8 0
12 10 9 0
12 10 10 0
12 10 11 0
12 10 12 0
12 10 13 0
12 10 14 0
12 10 15 0
12 11 0 0
12 11 1 0
12 11 2 0
12 11 3 0
12 11 4 0
12 11 5 0
12 11 6 0
12 11 7 0
12 11 8 0
12 11 9 0
12 11 10 0
12 11 11 0
12 11 12 0
12 11 13 0
12 11 14 0
12 11 15 0
12 12 0 0
12 12 1 0
12 12 2 0
12 12 3 0
12 12 4 0
12 12 5 0
12 12 6 0
12 12 7 0
12 12 8 0
12 12 9 0
12 12 10 0
12 12 11 0
12 12 12 0
12 12 13 0
12 12 14 0
12 12 15 0
12 13 0 0
12 13 1 0
12 13 2 0
12 13 3 0
12 13 4 0
12 13 5 0
12 13 6 0
12 13 7 0
12 13 8 0
12 13 9 0
12 13 10 0
12 13 11 0
12 13 12 0
12 13 13 0
12 13 14 0
12 13 15 0
12 14 0 0
12 14 1 0
12 14 2 0
12 14 3 0
12 14 4 0
12 14 5 0
12 14 6 0
12 14 7 0
12 14 8 0
12 14 9 0
12 14 10 0
12 14 11 0
12 14 12 0
12 14 13 0
12 14 14 0
12 14 15 0
12 15 0 0
12 15 1 0
12 15 2 0
12 15 3 0
12 15 4 0
12 15 5 0
12 15 6 0
12 15 7 0
12 15 8 0
12 15 9 0
12 15 10 0
12 15 11 0
12 15 12 0
12 15 13 0
12 15 14 0
12 15 15 0
12 16 0 0
12 16 1 0
12 16 2 0
12 16 3 0
12 16 4 0
12 16 5 0
12 16 6 0
12 16 7 0
12 16 8 0
12 16 9 0
12 16 10 0
12 16 11 0
12 16 12 0
12 16 13 0
12 16 14 0
12 16 15 0
12 17 0 0
12 17 1 0
12 17 2 0
12 17 3 0
12 17 4 0
12 17 5 0
12 17 6 0
12 17 7 0
12 17 8 0
12 17 9 0
12 17 10 0
12 17 11 0
12 17 12 0
12 17 13 0
12 17 14 0
12 17 15 0
12 18 0 0
12 18 1 0
12 18 2 0
12 18 3 0
12 18 4 0
12 18 5 0
12 18 6 0
12 18 7 0
12 18 8 0
12 18 9 0
12 18 10 0
12 18 11 0
12 18 12 0
12 18 13 0
12 18 14 0
12 18 15 0
12 19 0 0
12 19 1 0
12 19 2 0
12 19 3 0
12 19 4 0
12 19 5 0
12 19 6 0
12 19 7 0
12 19 8 0
12 19 9 0
12 19 10 0
12 19 11 0
12 19 12 0
12 19 13 0
12 19 14 0
12 19 15 0
13 10 0 0
13 10 1 0
13 10 2 0
13 10 3 0
13 10 4 0
13 10 5 0
13 10 6 0
13 10 7 0
13 10 8 0
13 10 9 0
13 10 10 0
13 10 11 0
13 10 12 0
13 10 13 0
13 10 14 0
13 10 15 0
13 11 0 0
13 11 1 0
13 11 2 0
13 11 3 0
13 11 4 0
13 11 5 0
13 11 6 0
13 11 7 0
13 11 8 0
13 11 9 0
13 11 10 0
13 11 11 0
13 11 12 0
13 11 13 0
13 11 14 0
13 11 15 0
13 12 0 0
13 12 1 0
13 12 2 0
13 12 3 0
13 12 4 0
13 12 5 0
13 12 6 0
13 12 7 0
13 12 8 0
13 12 9 0
13 12 10 0
13 12 11 0
13 12 12 0
13 12 13 0
13 12 14 0
13 12 15 0
13 13 0 0
13 13 1 0
13 13 2 0
13 13 3 0
13 13 4 0
13 13 5 0
13 13 6 0
13 13 7 0
13 13 8 0
13 13 9 0
13 13 10 0
13 13 11 0
13 13 12 0
13 13 13 0
13 13 14 0
13 13 15 0
13 14 0 0
13 14 1 0
13 14 2 0
13 14 3 0
13 14 4 0
13 14 5 0
13 14 6 0
13 14 7 0
13 14 8 0
13 14 9 0
13 14 10 0
13 14 11 0
13 14 12 0
13 14 13 0
13 14 14 0
13 14 15 0
13 15 0 0
13 15 1 0
13 15 2 0
13 15 3 0
13 15 4 0
13 15 5 0
13 15 6 0
13 15 7 0
13 15 8 0
13 15 9 0
13 15 10 0
13 15 11 0
13 15 12 0
13 15 13 0
13 15 14 0
13 15 15 0
13 16 0 0
13 16 1 0
13 16 2 0
13 16 3 0
13 16 4 0
13 16 5 0
13 16 6 0
13 16 7 0
13 16 8 0
13 16 9 0
13 16 10 0
13 16 11 0
13 16 12 0
13 16 13 0
13 16 14 0
13 16 15 0
13 17 0 0
13 17 1 0
13 17 2 0
13 17 3 0
13 17 4 0
13 17 5 0
13 17 6 0
13 17 7 0
13 17 8 0
13 17 9 0
13 17 10 0
13 17 11 0
13 17 12 0
13 17 13 0
13 17 14 0
13 17 15 0
13 18 0 0
13 18 1 0
13 18 2 0
13 18 3 0
13 18 4 0
13 18 5 0
13 18 6 0
13 18 7 0
13 18 8 0
13 18 9 0
13 18 10 0
13 18 11 0
13 18 12 0
13 18 13 0
13 18 14 0
13 18 15 0
13 19 0 0
13 19 1 0
13 19 2 0
13 19 3 0
13 19 4 0
13 19 5 0
13 19 6 0
13 19 7 0
13 19 8 0
13 19 9 0
13 19 10 0
13 19 11 0
13 19 12 0
13 19 13 0
13 19 14 0
13 19 15 0
14 10 0 0
14 10 1 0
14 10 2 0
14 10 3 0
14 10 4 0
14 10 5 0
14 10 6 0
14 10 7 0
14 10 8 0
14 10 9 0
14 10 10 0
14 10 11 0
14 10 12 0
14 10 13 0
14 10 14 0
14 10 15 0
14 11 0 0
14 11 1 0
14 11 2 0
14 11 3 0
14 11 4 0
14 11 5 0
14 11 6 0
14 11 7 0
14 11 8 0
14 11 9 0
14 11 10 0
14 11 11 0
14 11 12 0
14 11 13 0
14 11 14 0
14 11 15 0
14 12 0 0
14 12 1 0
14 12 2 0
14 12 3 0
14 12 4 0
14 12 5 0
14 12 6 0
14 12 7 0
14 12 8 0
14 12 9 0
14 12 10 0
14 12 11 0
14 12 12 0
14 12 13 0
14 12 14 0
14 12 15 0
14 13 0 0
14 13 1 0
14 13 2 0
14 13 3 0
14 13 4 0
14 13 5 0
14 13 6 0
14 13 7 0
14 13 8 0
14 13 9 0
14 13 10 0
14 13 11 0
14 13 12 0
14 13 13 0
14 13 14 0
14 13 15 0
14 14 0 0
14 14 1 0
14 14 2 0
14 14 3 0
14 14 4 0
14 14 5 0
14 14 6 0
14 14 7 0
14 14 8 0
14 14 9 0
14 14 10 0
14 14 11 0
14 14 12 0
14 14 13 0
14 14 14 0
14 14 15 0
14 15 0 0
14 15 1 0
14 15 2 0
14 15 3 0
14 15 4 0
14 15 5 0
14 15 6 0
14 15 7 0
14 15 8 0
14 15 9 0
14 15 10 0
14 15 11 0
14 15 12 0
14 15 13 0
14 15 14 0
14 15 15 0
14 16 0 0
14 16 1 0
14 16 2 0
14 16 3 0
14 16 4 0
14 16 5 0
14 16 6 0
14 16 7 0
14 16 8 0
14 16 9 0
14 16 10 0
14 16 11 0
14 16 12 0
14 16 13 0
14 16 14 0
14 16 15 0
14 17 0 0
14 17 1 0
14 17 2 0
14 17 3 0
14 17 4 0
14 17 5 0
14 17 6 0
14 17 7 0
14 17 8 0
14 17 9 0
14 17 10 0
14 17 11 0
14 17 12 0
14 17 13 0
14 17 14 0
14 17 15 0
14 18 0 0
14 18 1 0
14 18 2 0
14 18 3 0
14 18 4 0
14 18 5 0
14 18 6 0
14 18 7 0
14 18 8 0
14 18 9 0
14 18 10 0
14 18 11 0
14 18 12 0
14 18 13 0
14 18 14 0
14 18 15 0
14 19 0 0
14 19 1 0
14 19 2 0
14 19 3 0
14 19 4 0
14 19 5 0
14 19 6 0
14 19 7 0
14 19 8 0
14 19 9 0
14 19 10 0
14 19 11 0
14 19 12 0
14 19 13 0
14 19 14 0
14 19 15 0
15 10 0 0
15 10 1 0
15 10 2 0
15 10 3 0
15 10 4 0
15 10 5 0
15 10 6 0
15 10 7 0
15 10 8 0
15 10 9 0
15 10 10 0
15 10 11 0
15 10 12 0
15 10 13 0
15 10 14 0
15 10 15 0
15 11 0 0
15 11 1 0
15 11 2 0
15 11 3 0
15 11 4 0
15 11 5 0
15 11 6 0
15 11 7 0
15 11 8 0
15 11 9 0
15 11 10 0
15 11 11 0
15 11 12 0
15 11 13 0
15 11 14 0
15 11 15 0
15 12 0 0
15 12 1 0
15 12 2 0
15 12 3 0
15 12 4 0
15 12 5 0
15 12 6 0
15 12 7 0
15 12 8 0
15 12 9 0
15 12 10 0
15 12 11 0
15 12 12 0
15 12 13 0
15 12 14 0
15 12 15 0
15 13 0 0
15 13 1 0
15 13 2 0
15 13 3 0
15 13 4 0
15 13 5 0
15 13 6 0
15 13 7 0
15 13 8 0
15 13 9 0
15 13 10 0
15 13 11 0
15 13 12 0
15 13 13 0
15 13 14 0
15 13 15 0
15 14 0 0
15 14 1 0
15 14 2 0
15 14 3 0
15 14 4 0
15 14 5 0
15 14 6 0
15 14 7 0
15 14 8 0
15 14 9 0
15 14 10 0
15 14 11 0
15 14 12 0
15 14 13 0
15 14 14 0
15 14 15 0
15 15 0 0
15 15 1 0
15 15 2 0
15 15 3 0
15 15 4 0
15 15 5 0
15 15 6 0
15 15 7 0
15 15 8 0
15 15 9 0
15 15 10 0
15 15 11 0
15 15 12 0
15 15 13 0
15 15 14 0
15 15 15 0
15 16 0 0
15 16 1 0
15 16 2 0
15 16 3 0
15 16 4 0
15 16 5 0
15 16 6 0
15 16 7 0
15 16 8 0
15 16 9 0
15 16 10 0
15 16 11 0
15 16 12 0
15 16 13 0
15 16 14 0
15 16 15 0
15 17 0 0
15 17 1 0
15 17 2 0
15 17 3 0
15 17 4 0
15 17 5 0
15 17 6 0
15 17 7 0
15 17 8 0
15 17 9 0
15 17 10 0
15 17 11 0
15 17 12 0
15 17 13 0
15 17 14 0
15 17 15 0
15 18 0 0
15 18 1 0
15 18 2 0
15 18 3 0
15 18 4 0
15 18 5 0
15 18 6 0
15 18 7 0
15 18 8 0
15 18 9 0
15 18 10 0
15 18 11 0
15 18 12 0
15 18 13 0
15 18 14 0
15 18 15 0
15 19 0 0
15 19 1 0
15 19 2 0
15 19 3 0
15 19 4 0
15 19 5 0
15 19 6 0
15 19 7 0
15 19 8 0
15 19 9 0
15 19 10 0
15 19 11 0
15 19 12 0
15 19 13 0
15 19 14 0
15 19 15 0
16 10 0 0
16 10 1 0
16 10 2 0
16 10 3 0
16 10 4 0
16 10 5 0
16 10 6 0
16 10 7 0
16 10 8 0
16 10 9 0
16 10 10 0
16 10 11 0
16 10 12 0
16 10 13 0
16 10 14 0
16 10 15 0
16 11 0 0
16 11 1 0
16 11 2 0
16 11 3 0
16 11 4 0
16 11 5 0
16 11 6 0
16 11 7 0
16 11 8 0
16 11 9 0
16 11 10 0
16 11 11 0
16 11 12 0
16 11 13 0
16 11 14 0
16 11 15 0
16 12 0 0
16 12 1 0
16 12 2 0
16 12 3 0
16 12 4 0
16 12 5 0
16 12 6 0
16 12 7 0
16 12 8 0
16 12 9 0
16 12 10 0
16 12 11 0
16 12 12 0
16 12 13 0
16 12 14 0
16 12 15 0
16 13 0 0
16 13 1 0
16 13 2 0
16 13 3 0
16 13 4 0
16 13 5 0
16 13 6 0
16 13 7 0
16 13 8 0
16 13 9 0
16 13 10 0
16 13 11 0
16 13 12 0
16 13 13 0
16 13 14 0
16 13 15 0
16 14 0 0
16 14 1 0
16 14 2 0
16 14 3 0
16 14 4 0
16 14 5 0
16 14 6 0
16 14 7 0
16 14 8 0
16 14 9 0
16 14 10 0
16 14 11 0
16 14 12 0
16 14 13 0
16 14 14 0
16 14 15 0
16 15 0 0
16 15 1 0
16 15 2 0
16 15 3 0
16 15 4 0
16 15 5 0
16 15 6 0
16 15 7 0
16 15 8 0
16 15 9 0
16 15 10 0
16 15 11 0
16 15 12 0
16 15 13 0
16 15 14 0
16 15 15 0
16 16 0 0
16 16 1 0
16 16 2 0
16 16 3 0
16 16 4 0
16 16 5 0
16 16 6 0
16 16 7 0
16 16 8 0
16 16 9 0
16 16 10 0
16 16 11 0
16 16 12 0
16 16 13 0
16 16 14 0
16 16 15 0
16 17 0 0
16 17 1 0
16 17 2 0
16 17 3 0
16 17 4 0
16 17 5 0
16 17 6 0
16 17 7 0
16 17 8 0
16 17 9 0
16 17 10 0
16 17 11 0
16 17 12 0
16 17 13 0
16 17 14 0
16 17 15 0
16 18 0 0
16 18 1 0
16 18 2 0
16 18 3 0
16 18 4 0
16 18 5 0
16 18 6 0
16 18 7 0
16 18 8 0
16 18 9 0
16 18 10 0
16 18 11 0
16 18 12 0
16 18 13 0
16 18 14 0
16 18 15 0
16 19 0 0
16 19 1 0
16 19 2 0
16 19 3 0
16 19 4 0
16 19 5 0
16 19 6 0
16 19 7 0
16 19 8 0
16 19 9 0
16 19 10 0
16 19 11 0
16 19 12 0
16 19 13 0
16 19 14 0
16 19 15 0
17 10 0 0
17 10 1 0
17 10 2 0
17 10 3 0
17 10 4 0
17 10 5 0
17 10 6 0
17 10 7 0
17 10 8 0
17 10 9 0
17 10 10 0
17 10 11 0
17 10 12 0
17 10 13 0
17 10 14 0
17 10 15 0
17 11 0 0
17 11 1 0
17 11 2 0
17 11 3 0
17 11 4 0
17 11 5 0
17 11 6 0
17 11 7 0
17 11 8 0
17 11 9 0
17 11 10 0
17 11 11 0
17 11 12 0
17 11 13 0
17 11 14 0
17 11 15 0
17 12 0 0
17 12 1 0
17 12 2 0
17 12 3 0
17 12 4 0
17 12 5 0
17 12 6 0
17 12 7 0
17 12 8 0
17 12 9 0
17 12 10 0
17 12 11 0
17 12 12 0
17 12 13 0
17 12 14 0
17 12 15 0
17 13 0 0
17 13 1 0
17 13 2 0
17 13 3 0
17 13 4 0
17 13 5 0
17 13 6 0
17 13 7 0
17 13 8 0
17 13 9 0
17 13 10 0
17 13 11 0
17 13 12 0
17 13 13 0
17 13 14 0
17 13 15 0
17 14 0 0
17 14 1 0
17 14 2 0
17 14 3 0
17 14 4 0
17 14 5 0
17 14 6 0
17 14 7 0
17 14 8 0
17 14 9 0
17 14 10 0
17 14 11 0
17 14 12 0
17 14 13 0
17 14 14 0
17 14 15 0
17 15 0 0
17 15 1 0
17 15 2 0
17 15 3 0
17 15 4 0
17 15 5 0
17 15 6 0
17 15 7 0
17 15 8 0
17 15 9 0
17 15 10 0
17 15 11 0
17 15 12 0
17 15 13 0
17 15 14 0
17 15 15 0
17 16 0 0
17 16 1 0
17 16 2 0
17 16 3 0
17 16 4 0
17 16 5 0
17 16 6 0
17 16 7 0
17 16 8 0
17 16 9 0
17 16 10 0
17 16 11 0
17 16 12 0
17 16 13 0
17 16 14 0
17 16 15 0
17 17 0 0
17 17 1 0
17 17 2 0
17 17 3 0
17 17 4 0
17 17 5 0
17 17 6 0
17 17 7 0
17 17 8 0
17 17 9 0
17 17 10 0
17 17 11 0
17 17 12 0
17 17 13 0
17 17 14 0
17 17 15 0
17 18 0 0
17 18 1 0
17 18 2 0
17 18 3 0
17 18 4 0
17 18 5 0
17 18 6 0
17 18 7 0
17 18 8 0
17 18 9 0
17 18 10 0
17 18 11 0
17 18 12 0
17 18 13 0
17 18 14 0
17 18 15 0
17 19 0 0
17 19 1 0
17 19 2 0
17 19 3 0
17 19 4 0
17 19 5 0
17 19 6 0
17 19 7 0
17 19 8 0
17 19 9 0
17 19 10 0
17 19 11 0
17 19 12 0
17 19 13 0
17 19 14 0
17 19 15 0
18 10 0 0
18 10 1 0
18 10 2 0
18 10 3 0
18 10 4 0
18 10 5 0
18 10 6 0
18 10 7 0
18 10 8 0
18 10 9 0
18 10 10 0
18 10 11 0
18 10 12 0
18 10 13 0
18 10 14 0
18 10 15 0
18 11 0 0
18 11 1 0
18 11 2 0
18 11 3 0
18 11 4 0
18 11 5 0
18 11 6 0
18 11 7 0
18 11 8 0
18 11 9 0
18 11 10 0
18 11 11 0
18 11 12 0
18 11 13 0
18 11 14 0
18 11 15 0
18 12 0 0
18 12 1 0
18 12 2 0
18 12 3 0
18 12 4 0
18 12 5 0
18 12 6 0
18 12 7 0
18 12 8 0
18 12 9 0
18 12 10 0
18 12 11 0
18 12 12 0
18 12 13 0
18 12 14 0
18 12 15 0
18 13 0 0
18 13 1 0
18 13 2 0
18 13 3 0
18 13 4 0
18 13 5 0
18 13 6 0
18 13 7 0
18 13 8 0
18 13 9 0
18 13 10 0
18 13 11 0
18 13 12 0
18 13 13 0
18 13 14 0
18 13 15 0
18 14 0 0
18 14 1 0
18 14 2 0
18 14 3 0
18 14 4 0
18 14 5 0
18 14 6 0
18 14 7 0
18 14 8 0
18 14 9 0
18 14 10 0
18 14 11 0
18 14 12 0
18 14 13 0
18 14 14 0
18 14 15 0
18 15 0 0
18 15 1 0
18 15 2 0
18 15 3 0
18 15 4 0
18 15 5 0
18 15 6 0
18 15 7 0
18 15 8 0
18 15 9 0
18 15 10 0
18 15 11 0
18 15 12 0
18 15 13 0
18 15 14 0
18 15 15 0
18 16 0 0
18 16 1 0
18 16 2 0
18 16 3 0
18 16 4 0
18 16 5 0
18 16 6 0
18 16 7 0
18 16 8 0
18 16 9 0
18 16 10 0
18 16 11 0
18 16 12 0
18 16 13 0
18 16 14 0
18 16 15 0
18 17 0 0
18 17 1 0
18 17 2 0
18 17 3 0
18 17 4 0
18 17 5 0
18 17 6 0
18 17 7 0
18 17 8 0
18 17 9 0
18 17 10 0
18 17 11 0
18 17 12 0
18 17 13 0
18 17 14 0
18 17 15 0
18 18 0 0
18 18 1 0
18 18 2 0
18 18 3 0
18 18 4 0
18 18 5 0
18 18 6 0
18 18 7 0
18 18 8 0
18 18 9 0
18 18 10 0
18 18 11 0
18 18 12 0
18 18 13 0
18 18 14 0
18 18 15 0
18 19 0 0
18 19 1 0
18 19 2 0
18 19 3 0
18 19 4 0
18 19 5 0
18 19 6 0
18 19 7 0
18 19 8 0
18 19 9 0
18 19 10 0
18 19 11 0
18 19 12 0
18 19 13 0
18 19 14 0
18 19 15 0
19 10 0 0
19 10 1 0
19 10 2 0
19 10 3 0
19 10 4 0
19 10 5 0
19 10 6 0
19 10 7 0
19 10 8 0
19 10 9 0
19 10 10 0
19 10 11 0
19 10 12 0
19 10 13 0
19 10 14 0
19 10 15 0
19 11 0 0
19 11 1 0
19 11 2 0
19 11 3 0
19 11 4 0
19 11 5 0
19 11 6 0
19 11 7 0
19 11 8 0
19 11 9 0
19 11 10 0
19 11 11 0
19 11 12 0
19 11 13 0
19 11 14 0
19 11 15 0
19 12 0 0
19 12 1 0
19 12 2 0
19 12 3 0
19 12 4 0
19 12 5 0
19 12 6 0
19 12 7 0
19 12 8 0
19 12 9 0
19 12 10 0
19 12 11 0
19 12 12 0
19 12 13 0
19 12 14 0
19 12 15 0
19 13 0 0
19 13 1 0
19 13 2 0
19 13 3 0
19 13 4 0
19 13 5 0
19 13 6 0
19 13 7 0
19 13 8 0
19 13 9 0
19 13 10 0
19 13 11 0
19 13 12 0
19 13 13 0
19 13 14 0
19 13 15 0
19 14 0 0
19 14 1 0
19 14 2 0
19 14 3 0
19 14 4 0
19 14 5 0
19 14 6 0
19 14 7 0
19 14 8 0
19 14 9 0
19 14 10 0
19 14 11 0
19 14 12 0
19 14 13 0
19 14 14 0
19 14 15 0
19 15 0 0
19 15 1 0
19 15 2 0
19 15 3 0
19 15 4 0
19 15 5 0
19 15 6 0
19 15 7 0
19 15 8 0
19 15 9 0
19 15 10 0
19 15 11 0
19 15 12 0
19 15 13 0
19 15 14 0
19 15 15 0
19 16 0 0
19 16 1 0
19 16 2 0
19 16 3 0
19 16 4 0
19 16 5 0
19 16 6 0
19 16 7 0
19 16 8 0
19 16 9 0
19 16 10 0
19 16 11 0
19 16 12 0
19 16 13 0
19 16 14 0
19 16 15 0
19 17 0 0
19 17 1 0
19 17 2 0
19 17 3 0
19 17 4 0
19 17 5 0
19 17 6 0
19 17 7 0
19 17 8 0
19 17 9 0
19 17 10 0
19 17 11 0
19 17 12 0
19 17 13 0
19 17 14 0
19 17 15 0
19 18 0 0
19 18 1 0
19 18 2 0
19 18 3 0
19 18 4 0
19 18 5 0
19 18 6 0
19 18 7 0
19 18 8 0
19 18 9 0
19 18 10 0
19 18 11 0
19 18 12 0
19 18 13 0
19 18 14 0
19 18 15 0
19 19 0 0
19 19 1 0
19 19 2 0
19 19 3 0
19 19 4 0
19 19 5 0
19 19 6 0
19 19 7 0
19 19 8 0
19 19 9 0
19 19 10 0
19 19 11 0
19 19 12 0
19 19 13 0
19 19 14 0
19 19 15 0
